1.000000000 0.000000000 0.000000000 0.000000004 0.000000000 0.999999940 0.000000000 -0.000000119 0.000000000 0.000000000 0.999999940 -0.000000002
0.999991655 -0.002410299 -0.003298620 -0.005360438 0.002403047 0.999994636 -0.002200796 -0.005787414 0.003303907 0.002192851 0.999992073 0.669593513
0.999971092 -0.001172493 -0.007512846 -0.013352431 0.001145463 0.999992788 -0.003601133 -0.010535621 0.007517015 0.003592423 0.999965250 1.362952113
0.999932766 -0.002319120 -0.011360770 -0.031346977 0.002265061 0.999985993 -0.004768923 -0.010744610 0.011371673 0.004742869 0.999924004 2.117806911
0.999869883 -0.000972793 -0.016108802 -0.052683525 0.000884286 0.999984443 -0.005500566 -0.013140840 0.016113905 0.005485605 0.999855101 2.853703976
0.999792755 -0.001364640 -0.020311728 -0.073544629 0.001243340 0.999981225 -0.005983351 -0.018968057 0.020319514 0.005956856 0.999775827 3.597646952
0.999692440 -0.000178205 -0.024799634 -0.101733208 0.000002589 0.999974906 -0.007081246 -0.025347074 0.024800273 0.007079004 0.999667346 4.365211010
0.999559402 0.002502908 -0.029574387 -0.135387465 -0.002737294 0.999965131 -0.007887468 -0.029691774 0.029553611 0.007964945 0.999531507 5.132997036
0.999417782 0.002673070 -0.034014024 -0.167361766 -0.002881303 0.999977350 -0.006074429 -0.040996611 0.033997022 0.006168897 0.999402881 5.933713913
0.999254823 0.001940435 -0.038549710 -0.201974750 -0.002071538 0.999992251 -0.003361212 -0.047623217 0.038542885 0.003438565 0.999251008 6.731143951
0.999128759 0.001717891 -0.041700080 -0.244623274 -0.001752860 0.999998093 -0.000802006 -0.052062571 0.041698623 0.000874401 0.999129832 7.540267467
0.999015927 0.002790183 -0.044265740 -0.292028397 -0.002857215 0.999994814 -0.001451116 -0.062543161 0.044261467 0.001576165 0.999018669 8.369604111
0.998922944 0.002368513 -0.046338979 -0.337793231 -0.002448871 0.999995530 -0.001677432 -0.067866959 0.046334799 0.001789104 0.998924315 9.190678596
0.998861670 -0.000147373 -0.047700379 -0.385382265 0.000039037 0.999997318 -0.002272095 -0.075001687 0.047700595 0.002267647 0.998859107 10.015001297
0.998744607 -0.000863275 -0.050084237 -0.425730735 0.000783964 0.999998391 -0.001603191 -0.079677284 0.050085537 0.001561914 0.998743653 10.871335983
0.998659253 -0.002533863 -0.051703706 -0.470323235 0.002445794 0.999995410 -0.001766552 -0.089870423 0.051707946 0.001637727 0.998660862 11.722602844
0.998574317 -0.000106556 -0.053379130 -0.523242414 -0.000104293 0.999992311 -0.003947216 -0.100467354 0.053379130 0.003947155 0.998566449 12.579136848
0.998514354 -0.000162012 -0.054487463 -0.580213070 -0.000188002 0.999979377 -0.006418557 -0.111367822 0.054487377 0.006419265 0.998493731 13.454308510
0.998420954 0.003393478 -0.056071684 -0.639680028 -0.003841779 0.999961555 -0.007889288 -0.125623032 0.056042757 0.008092243 0.998395503 14.326635361
0.998348713 0.004642665 -0.057254933 -0.691997051 -0.005067221 0.999960780 -0.007272226 -0.139461249 0.057218924 0.007550342 0.998333097 15.225412369
0.998281419 0.003834785 -0.058476422 -0.752213061 -0.004195151 0.999972939 -0.006041070 -0.148725688 0.058451664 0.006276004 0.998270571 16.108068466
0.998221099 0.004602985 -0.059442960 -0.817324400 -0.004901400 0.999976158 -0.004875361 -0.157289207 0.059419099 0.005158042 0.998219669 16.999885559
0.998148143 0.004032411 -0.060696214 -0.872912526 -0.004327693 0.999979377 -0.004734254 -0.172564998 0.060675874 0.004988162 0.998144925 17.912532806
0.998049378 0.003839548 -0.062311508 -0.927916706 -0.004168495 0.999978006 -0.005149933 -0.192028552 0.062290363 0.005399633 0.998043358 18.802589417
0.997995019 0.002318552 -0.063250311 -0.990797520 -0.002683934 0.999980152 -0.005692428 -0.205053240 0.063235864 0.005850774 0.997981369 19.715627670
0.997950137 0.001917432 -0.063968979 -1.046725154 -0.002186899 0.999989033 -0.004142716 -0.215224296 0.063960336 0.004274117 0.997943223 20.632820129
0.997947633 0.003730329 -0.063925765 -1.109573483 -0.003790710 0.999992371 -0.000823298 -0.225445390 0.063922219 0.001063932 0.997954249 21.545238495
0.998006463 0.004624300 -0.062942423 -1.172018170 -0.004447452 0.999985695 0.002949494 -0.234926671 0.062955156 -0.002663681 0.998012781 22.474779129
0.998119533 0.004139761 -0.061156973 -1.237595797 -0.003798330 0.999976456 0.005698054 -0.238794073 0.061179113 -0.005455045 0.998111844 23.409132004
0.998203397 0.003762226 -0.059796873 -1.291935444 -0.003373239 0.999972403 0.006604772 -0.245928168 0.059820082 -0.006391197 0.998188734 24.340772629
0.998296499 0.004251082 -0.058189426 -1.349877596 -0.004053549 0.999985635 0.003512276 -0.250726283 0.058203515 -0.003270420 0.998299360 25.283010483
0.998327434 0.004604376 -0.057627860 -1.404342413 -0.004679764 0.999988317 -0.001173304 -0.256414682 0.057621785 0.001441027 0.998337507 26.226764679
0.998398244 0.004509476 -0.056396220 -1.458737731 -0.004737314 0.999981046 -0.003906894 -0.269858122 0.056377549 0.004167802 0.998400688 27.168395996
0.998428166 0.001736142 -0.056018747 -1.506692529 -0.001911782 0.999993384 -0.003081923 -0.277727723 0.056013044 0.003184175 0.998424888 28.131141663
0.998432875 0.000010790 -0.055959705 -1.571605563 0.000093583 0.999998271 0.001862534 -0.286274791 0.055959631 -0.001864852 0.998431206 29.111688614
0.998404682 -0.002978007 -0.056383707 -1.623077035 0.003299039 0.999978900 0.005601482 -0.302892685 0.056365836 -0.005778559 0.998393416 30.053625107
0.998285294 -0.010441137 -0.057597410 -1.670627356 0.010756715 0.999928832 0.005171726 -0.311946750 0.057539310 -0.005782419 0.998326421 31.031320572
0.998181045 -0.012641703 -0.058945812 -1.724575520 0.012727971 0.999918282 0.001088254 -0.314812452 0.058927234 -0.001836535 0.998260677 31.993667603
0.998094797 -0.012224234 -0.060473125 -1.784540296 0.012077165 0.999923110 -0.002796892 -0.323798597 0.060502667 0.002061219 0.998165846 32.966159821
0.997987747 -0.011047277 -0.062435824 -1.854146242 0.010843161 0.999934614 -0.003607084 -0.332337201 0.062471595 0.002922823 0.998042405 33.951885223
0.997945666 -0.011325912 -0.063058712 -1.917811155 0.011211124 0.999934733 -0.002173842 -0.343334466 0.063079216 0.001462417 0.998007417 34.933429718
0.997902930 -0.008120551 -0.064216457 -1.990324020 0.008179680 0.999966264 0.000657936 -0.358835727 0.064208962 -0.001181827 0.997935772 35.928916931
0.997813642 -0.008154796 -0.065585300 -2.054115772 0.008327106 0.999962568 0.002354341 -0.376672447 0.065563634 -0.002895330 0.997844279 36.916553497
0.997757792 -0.007224938 -0.066536151 -2.125300169 0.007566044 0.999959469 0.004876068 -0.382226884 0.066498227 -0.005368550 0.997772038 37.895084381
0.997764468 -0.007006109 -0.066460900 -2.188567162 0.007556262 0.999939263 0.008030070 -0.393024862 0.066400588 -0.008514316 0.997756660 38.893108368
0.997742355 -0.001371693 -0.067145765 -2.262232780 0.002071631 0.999944091 0.010355613 -0.396066010 0.067127816 -0.010471335 0.997689307 39.873836517
0.997724414 -0.001156824 -0.067413911 -2.341315985 0.001801160 0.999953210 0.009497912 -0.397143632 0.067399770 -0.009597722 0.997679830 40.875122070
0.997743249 -0.000868722 -0.067139469 -2.402317762 0.001404400 0.999967694 0.007931804 -0.407320291 0.067130409 -0.008008197 0.997712016 41.862762451
0.997750521 0.001609422 -0.067018509 -2.482388496 -0.001239261 0.999983728 0.005564457 -0.410617888 0.067026392 -0.005468887 0.997736156 42.856704712
0.997710466 0.000987740 -0.067622475 -2.557687759 -0.000607362 0.999983847 0.005645337 -0.414218903 0.067626968 -0.005591343 0.997694969 43.829681396
0.997596204 -0.001225982 -0.069282904 -2.617202520 0.001722879 0.999973297 0.007112715 -0.427820385 0.069272310 -0.007214985 0.997571707 44.816837311
0.997531474 -0.000732906 -0.070217438 -2.687625885 0.001296351 0.999967277 0.007979047 -0.430851817 0.070209295 -0.008050377 0.997499764 45.808311462
0.997528076 0.002039200 -0.070238434 -2.771306038 -0.001728291 0.999988437 0.004486967 -0.444349349 0.070246778 -0.004354485 0.997520089 46.780738831
0.997455239 0.002439788 -0.071252115 -2.845994949 -0.002416105 0.999996960 0.000418568 -0.454840571 0.071252912 -0.000245350 0.997458279 47.733894348
0.997418702 0.003182357 -0.071733102 -2.908325434 -0.003273659 0.999993980 -0.001155267 -0.451940536 0.071728989 0.001387115 0.997423172 48.695850372
0.997411728 0.002087743 -0.071870893 -2.977915049 -0.001906250 0.999994874 0.002593751 -0.465063483 0.071875945 -0.002450034 0.997410536 49.679897308
0.997429252 0.000370783 -0.071656987 -3.056676865 0.000022654 0.999984980 0.005489657 -0.476378053 0.071657948 -0.005477168 0.997414231 50.636959076
0.997381091 -0.001733684 -0.072304666 -3.112185240 0.002204591 0.999976814 0.006433528 -0.488568932 0.072291851 -0.006576083 0.997361839 51.575950623
0.997350752 -0.005048234 -0.072566390 -3.184034348 0.005414834 0.999973536 0.004856083 -0.492103666 0.072539963 -0.005236153 0.997351706 52.539489746
0.997321367 -0.007732026 -0.072733544 -3.253356695 0.008045190 0.999959528 0.004013657 -0.507810354 0.072699584 -0.004588062 0.997343302 53.476039886
0.997203708 -0.009302761 -0.074150227 -3.312892914 0.009734339 0.999937713 0.005461009 -0.520529270 0.074094802 -0.006167541 0.997232080 54.423488617
0.997088730 -0.012407936 -0.075233340 -3.383078098 0.013141327 0.999870718 0.009260980 -0.521885395 0.075108707 -0.010222685 0.997122943 55.378307343
0.997024655 -0.012717844 -0.076026760 -3.450355053 0.013842642 0.999802113 0.014286101 -0.526775539 0.075830027 -0.015296005 0.997003436 56.323657990
0.996980011 -0.011862843 -0.076746531 -3.520654678 0.013186632 0.999772489 0.016765101 -0.529364169 0.076530196 -0.017726496 0.996909618 57.261222839
0.996887743 -0.010466415 -0.078137085 -3.596713305 0.011489930 0.999853790 0.012660882 -0.531856418 0.077993132 -0.013519265 0.996862173 58.190052032
0.996796608 -0.008991035 -0.079471305 -3.674664974 0.009403282 0.999944150 0.004814647 -0.533353329 0.079423569 -0.005546516 0.996825457 59.106025696
0.996728539 -0.007353602 -0.080486767 -3.753819942 0.007377380 0.999972761 -0.000001960 -0.543357551 0.080484584 -0.000591824 0.996755660 60.020137787
0.996714175 -0.002847505 -0.080948725 -3.837793350 0.002951784 0.999994874 0.001168562 -0.552143097 0.080944970 -0.001403666 0.996717572 60.909461975
0.996610045 -0.000005463 -0.082269177 -3.918967724 0.000292643 0.999993920 0.003478687 -0.564766884 0.082268640 -0.003490971 0.996604025 61.801593781
0.996508002 0.002324608 -0.083464265 -3.994961023 -0.001897342 0.999984682 0.005198084 -0.581383467 0.083475068 -0.005021573 0.996497214 62.680110931
0.996416330 0.003322463 -0.084518887 -4.062336445 -0.002927838 0.999984205 0.004792589 -0.590051651 0.084533505 -0.004527957 0.996410251 63.527896881
0.996276677 0.004901547 -0.086074650 -4.143091202 -0.004453831 0.999975502 0.005392752 -0.596113205 0.086098984 -0.004989310 0.996274054 64.378829956
0.996153176 0.005854239 -0.087432504 -4.219141483 -0.005332982 0.999966443 0.006194211 -0.609160185 0.087465823 -0.005704105 0.996151090 65.216636658
0.996030152 0.005714058 -0.088832803 -4.296292782 -0.005149354 0.999964952 0.006584792 -0.615843236 0.088867307 -0.006101219 0.996024668 66.033760071
0.995917320 0.005195233 -0.090119660 -4.368520737 -0.004515935 0.999959946 0.007739996 -0.624112844 0.090156272 -0.007301423 0.995900929 66.843574524
0.995772779 0.008130404 -0.091489673 -4.448922157 -0.007212255 0.999920368 0.010361695 -0.629207671 0.091566652 -0.009658048 0.995752037 67.634155273
0.995639384 0.009778671 -0.092770532 -4.526177883 -0.008449435 0.999856055 0.014710183 -0.637599111 0.092901036 -0.013862180 0.995578825 68.427719116
0.995432019 0.013251365 -0.094548911 -4.605538845 -0.011767784 0.999799013 0.016231528 -0.637730956 0.094744988 -0.015044753 0.995387793 69.203674316
0.995299339 0.015806027 -0.095546998 -4.689587593 -0.014697921 0.999816477 0.012290200 -0.647109747 0.095723718 -0.010828089 0.995348990 69.945747375
0.995159030 0.015856883 -0.096990205 -4.763112068 -0.015439876 0.999868155 0.005048504 -0.654804349 0.097057462 -0.003526550 0.995272517 70.666923523
0.995016873 0.014923197 -0.098584428 -4.831734657 -0.015060379 0.999886394 -0.000647440 -0.664988577 0.098563567 0.002128932 0.995128512 71.377227783
0.994966447 0.015604062 -0.098985791 -4.904232502 -0.015869720 0.999872267 -0.001896973 -0.669296026 0.098943554 0.003458302 0.995087028 72.069061279
0.994866014 0.018266179 -0.099538393 -4.987489700 -0.018201659 0.999833107 0.001556393 -0.677080154 0.099550202 0.000263360 0.995032489 72.748237610
0.994729817 0.018641332 -0.100821383 -5.059987068 -0.018342262 0.999824166 0.003892559 -0.693642616 0.100876205 -0.002022753 0.994896948 73.398506165
0.994687498 0.015349629 -0.101789936 -5.122844696 -0.015378031 0.999881566 0.000505705 -0.702313840 0.101785645 0.001062310 0.994805813 74.027252197
0.994751871 0.007333964 -0.102053590 -5.168327332 -0.007823572 0.999959648 -0.004398093 -0.721263051 0.102017216 0.005173435 0.994769156 74.641708374
0.994872510 0.003357627 -0.101081155 -5.222439766 -0.004316877 0.999947608 -0.009272641 -0.728880346 0.101044729 0.009661450 0.994834900 75.237709045
0.995159268 0.005406785 -0.098126948 -5.280372620 -0.006385492 0.999932826 -0.009662569 -0.735933185 0.098068103 0.010242382 0.995126963 75.823944092
0.995538354 0.010677802 -0.093751982 -5.345553398 -0.011323619 0.999915600 -0.006359246 -0.753308654 0.093676165 0.007392484 0.995575249 76.382644653
0.995980442 0.009466273 -0.089069046 -5.394610882 -0.009767106 0.999947906 -0.002942280 -0.770053387 0.089036554 0.003800401 0.996020973 76.941764832
0.996503115 0.005920810 -0.083345711 -5.428408623 -0.005851732 0.999982357 0.001073056 -0.778754056 0.083350599 -0.000581586 0.996520042 77.484657288
0.997174382 0.001098086 -0.075113252 -5.457801342 -0.000781879 0.999990761 0.004239003 -0.783305049 0.075117230 -0.004168295 0.997165859 78.018234253
0.997899652 0.004677923 -0.064608768 -5.487143040 -0.004399629 0.999980390 0.004448973 -0.800918162 0.064628333 -0.004155374 0.997900665 78.530838013
0.998709857 0.010082408 -0.049771819 -5.508294106 -0.009902828 0.999943495 0.003853354 -0.803216577 0.049807869 -0.003355500 0.998753130 79.029907227
0.999393761 0.015134563 -0.031351231 -5.528190613 -0.015012022 0.999878705 0.004140279 -0.804637194 0.031410098 -0.003667124 0.999499857 79.520919800
0.999862194 0.013714297 -0.009350564 -5.516023636 -0.013667958 0.999894023 0.005001676 -0.812045336 0.009418171 -0.004873184 0.999943793 80.004791260
0.999801934 0.010322959 0.017014720 -5.487830162 -0.010426663 0.999927521 0.006017516 -0.818997502 -0.016951360 -0.006193731 0.999837160 80.468261719
0.998883843 0.009219142 0.046325602 -5.443721771 -0.009574655 0.999926388 0.007458209 -0.825147390 -0.046253420 -0.007893436 0.998898566 80.913932800
0.996779144 0.008453981 0.079748549 -5.391424179 -0.009216891 0.999915183 0.009203150 -0.834919751 -0.079663984 -0.009908544 0.996772468 81.359710693
0.993084908 0.008428902 0.117095396 -5.311806679 -0.009586863 0.999910593 0.009329314 -0.835971296 -0.117006287 -0.010387378 0.993076801 81.799903870
0.987261951 0.008479676 0.158877045 -5.220815659 -0.010109444 0.999904215 0.009452614 -0.840948462 -0.158781677 -0.010938362 0.987253010 82.228462219
0.978944898 0.008002842 0.203967735 -5.101964951 -0.010057628 0.999908626 0.009039430 -0.842732072 -0.203876734 -0.010900535 0.978935778 82.646636963
0.967469096 0.010372296 0.252776444 -4.968463898 -0.012630353 0.999893486 0.007311937 -0.852478266 -0.252673686 -0.010266729 0.967497051 83.045471191
0.952068210 0.011371109 0.305674344 -4.824188232 -0.013506575 0.999896884 0.004871991 -0.864409029 -0.305587441 -0.008767082 0.952123582 83.393249512
0.932345927 0.011542070 0.361383289 -4.645488739 -0.013322636 0.999908209 0.002435897 -0.866553783 -0.361322075 -0.007085677 0.932414055 83.758140564
0.908161163 0.012144768 0.418444395 -4.438694000 -0.013635955 0.999906778 0.000573571 -0.870119214 -0.418398499 -0.006226784 0.908242106 84.112861633
0.879011273 0.012268542 0.476642966 -4.228466034 -0.013275568 0.999911010 -0.001254771 -0.876242697 -0.476615965 -0.005224749 0.879095912 84.434074402
0.845914245 0.011173372 0.533201754 -3.982990265 -0.011003669 0.999933243 -0.003496736 -0.882365286 -0.533205211 -0.002909236 0.845980763 84.731376648
0.808877170 0.010842197 0.587877631 -3.726684570 -0.009852536 0.999939442 -0.004885455 -0.889671445 -0.587895036 -0.001840351 0.808935106 85.019515991
0.769184649 0.008455534 0.638970554 -3.445598602 -0.008145741 0.999960959 -0.003426805 -0.906868398 -0.638974607 -0.002569042 0.769223511 85.292274475
0.726213038 0.008244891 0.687420189 -3.153522491 -0.009944945 0.999949455 -0.001487194 -0.911248326 -0.687397718 -0.005756337 0.726258278 85.547828674
0.680890560 0.007185929 0.732349813 -2.849540710 -0.009046359 0.999958098 -0.001401037 -0.915363550 -0.732329309 -0.005671145 0.680926919 85.775123596
0.634279549 0.005893156 0.773081243 -2.528934479 -0.006436880 0.999976575 -0.002341589 -0.926631153 -0.773076952 -0.003491009 0.634302616 85.979240417
0.588238478 0.003556933 0.808679640 -2.191024780 -0.000458021 0.999991655 -0.004065244 -0.924789310 -0.808687329 0.002020941 0.588235140 86.150230408
0.541407466 0.005465752 0.840742588 -1.852096558 -0.003096930 0.999984980 -0.004506696 -0.940811455 -0.840754688 -0.000163762 0.541416109 86.325698853
0.493412256 0.008446050 0.869754553 -1.523998260 -0.005753965 0.999962628 -0.006446255 -0.940157712 -0.869776607 -0.001823877 0.493442357 86.490600586
0.447736025 0.010405149 0.894105196 -1.192520142 -0.007262238 0.999941528 -0.008000153 -0.953720331 -0.894136310 -0.002911248 0.447785527 86.617668152
0.404693753 0.007828758 0.914418697 -0.839294434 -0.000149380 0.999963820 -0.008495037 -0.960458994 -0.914452314 0.003301293 0.404680341 86.734848022
0.365423024 0.000346512 0.930841446 -0.466169357 0.015123009 0.999865711 -0.006309088 -0.959749520 -0.930718780 0.016382612 0.365368694 86.821220398
0.330697685 -0.003039384 0.943731785 -0.096319199 0.019532008 0.999802530 -0.003624341 -0.959063411 -0.943534613 0.019631540 0.330691814 86.904197693
0.298097670 0.001241916 0.954534531 0.273809433 0.016293200 0.999846756 -0.006389178 -0.967975616 -0.954396367 0.017457021 0.298031807 86.994026184
0.265915841 0.008766000 0.963956296 0.636428833 0.006079389 0.999923468 -0.010770130 -0.978581548 -0.963977039 0.008724214 0.265842259 87.107559204
0.237674981 0.013266969 0.971254110 1.019826889 0.000944880 0.999902964 -0.013889525 -0.995269418 -0.971344292 0.004218911 0.237639412 87.190429688
0.211462379 0.014626887 0.977276623 1.408231735 0.001945416 0.999879718 -0.015386134 -1.012058735 -0.977384150 0.005154799 0.211408496 87.258430481
0.188170493 0.015798612 0.982009232 1.815330505 0.009597331 0.999793231 -0.017923741 -1.022306561 -0.982089400 0.012797387 0.187979996 87.308967590
0.168637872 0.022341434 0.985424757 2.231320381 0.016925765 0.999530077 -0.025557766 -1.017645597 -0.985532761 0.020989079 0.168180496 87.345809937
0.148666114 0.029317589 0.988452733 2.645293236 0.019160796 0.999287367 -0.032520778 -1.012650728 -0.988701761 0.023774279 0.147998452 87.400962830
0.130928099 0.029914809 0.990940392 3.081801414 0.016670236 0.999336898 -0.032370836 -1.026726484 -0.991251647 0.020757463 0.130342603 87.453590393
0.115663171 0.025730398 0.992955148 3.545103073 0.014830514 0.999508202 -0.027627725 -1.047204018 -0.993177712 0.017921548 0.115224734 87.502777100
0.101121619 0.022571839 0.994618058 4.013669014 0.015141098 0.999591887 -0.024224099 -1.066530228 -0.994758785 0.017509187 0.100738600 87.546409607
0.088102236 0.020126568 0.995908082 4.511576176 0.017570848 0.999608934 -0.021755747 -1.078916550 -0.995956302 0.019415678 0.087714136 87.571525574
0.076322503 0.019379273 0.996894836 5.006336212 0.021281248 0.999551654 -0.021060217 -1.092472672 -0.996855915 0.022822538 0.075875856 87.597976685
0.066085242 0.020020735 0.997613132 5.520849705 0.024561577 0.999463141 -0.021684904 -1.105422854 -0.997511506 0.025936006 0.065558024 87.626853943
0.058151029 0.020713400 0.998092830 6.053973675 0.026520040 0.999399900 -0.022285637 -1.117347956 -0.997955322 0.027765395 0.057566807 87.651176453
0.052782480 0.020842668 0.998388469 6.602625370 0.028297108 0.999349594 -0.022358730 -1.135756969 -0.998204947 0.029431660 0.052158356 87.672760010
0.047355887 0.021787200 0.998640358 7.163053513 0.029619295 0.999291778 -0.023205968 -1.151113868 -0.998438835 0.030677967 0.046677019 87.692649841
0.041461043 0.022527512 0.998886108 7.751006603 0.029883672 0.999270558 -0.023776574 -1.168255806 -0.998693109 0.030836184 0.040757585 87.714065552
0.036659800 0.022520034 0.999073982 8.353194237 0.032488599 0.999190688 -0.023714785 -1.182242513 -0.998799503 0.033327907 0.035898481 87.734901428
0.033787236 0.022644544 0.999172509 8.975236893 0.033625491 0.999151468 -0.023781117 -1.196132898 -0.998863161 0.034401167 0.032997131 87.751396179
0.030949827 0.021915790 0.999280632 9.614478111 0.035141259 0.999117613 -0.023000613 -1.217980385 -0.998902917 0.035827838 0.030152369 87.763664246
0.028579947 0.021286977 0.999364793 10.272407532 0.037438896 0.999048948 -0.022350926 -1.237024784 -0.998890162 0.038053907 0.027755802 87.779212952
0.027802564 0.021006292 0.999392629 10.946420670 0.041334659 0.998899758 -0.022145841 -1.253892899 -0.998758376 0.041925281 0.026903694 87.792945862
0.029036626 0.020564165 0.999366820 11.634696960 0.045217816 0.998737752 -0.021865027 -1.271955967 -0.998555064 0.045824077 0.028070113 87.807228088
0.031484023 0.020421375 0.999295533 12.347084045 0.047121342 0.998649120 -0.021892779 -1.292789578 -0.998392820 0.047777433 0.030479213 87.827095032
0.035107229 0.020634450 0.999170482 13.072145462 0.049014982 0.998548090 -0.022343805 -1.308911562 -0.998180747 0.049758751 0.034044862 87.853195190
0.039604098 0.020115983 0.999012887 13.811958313 0.049391557 0.998535812 -0.022064416 -1.329021335 -0.997993886 0.050216656 0.038552541 87.881263733
0.043549091 0.018367071 0.998882413 14.572335243 0.051252570 0.998473346 -0.020594047 -1.348719954 -0.997735739 0.052092146 0.042541243 87.917037964
0.047417164 0.016998071 0.998730481 15.332645416 0.050401118 0.998540878 -0.019387756 -1.367973089 -0.997602761 0.051256448 0.046491250 87.960754395
0.051449314 0.014903368 0.998564363 16.122848511 0.047625147 0.998714447 -0.017359411 -1.384639978 -0.997539341 0.048449919 0.050673407 88.008224487
0.055190805 0.013827476 0.998380005 16.917984009 0.046892736 0.998764813 -0.016425053 -1.403795838 -0.997374117 0.047723293 0.054474227 88.065971375
0.059235334 0.014667617 0.998136342 17.721679688 0.044264138 0.998869836 -0.017305298 -1.425473094 -0.997262180 0.045206729 0.058519155 88.121917725
0.062656172 0.018659038 0.997860670 18.523021698 0.041767605 0.998900175 -0.021301087 -1.451859474 -0.997160792 0.043012895 0.061807930 88.163894653
0.063867256 0.024205461 0.997664809 19.322889328 0.035854910 0.999004602 -0.026533287 -1.472999692 -0.997314095 0.037465781 0.062935807 88.228614807
0.063883319 0.027098136 0.997589290 20.131542206 0.033094138 0.999023914 -0.029256377 -1.501775265 -0.997408509 0.034883361 0.062924184 88.285034180
0.063834809 0.026837697 0.997599542 20.955932617 0.030626740 0.999114811 -0.028838217 -1.531174898 -0.997490346 0.032394104 0.062956348 88.350685120
0.063722759 0.025149660 0.997650683 21.766342163 0.027764529 0.999250770 -0.026963392 -1.562452555 -0.997581303 0.029417485 0.062976748 88.412101746
0.063860931 0.023695376 0.997677445 22.584430695 0.028946737 0.999253511 -0.025585677 -1.596811295 -0.997538924 0.030513436 0.063127346 88.463470459
0.063818760 0.022927269 0.997698009 23.409496307 0.026417809 0.999346852 -0.024655001 -1.630629301 -0.997611761 0.027930453 0.063171372 88.529083252
0.064309478 0.023230810 0.997659445 24.220317841 0.024822859 0.999382436 -0.024871014 -1.661206961 -0.997621179 0.026364205 0.063693091 88.581382751
0.063803464 0.024037654 0.997672915 25.029863358 0.021721777 0.999439538 -0.025469376 -1.690922499 -0.997726023 0.023296259 0.063245550 88.649703979
0.062842317 0.025074532 0.997708440 25.842866898 0.018854298 0.999476135 -0.026306530 -1.725672722 -0.997845232 0.020464256 0.062336639 88.702064514
0.059918262 0.024738135 0.997896671 26.657621384 0.015770867 0.999544680 -0.025725940 -1.755162835 -0.998078585 0.017279152 0.059500836 88.761322021
0.056094743 0.023629902 0.998145700 27.460233688 0.013421025 0.999611676 -0.024418853 -1.784345627 -0.998335183 0.014765906 0.055755820 88.808830261
0.051123053 0.021049453 0.998470426 28.281776428 0.011336656 0.999701202 -0.021655848 -1.814381957 -0.998627961 0.012426430 0.050869148 88.859069824
0.044859923 0.019002246 0.998812556 29.096942902 0.009280366 0.999767959 -0.019437231 -1.842569828 -0.998950183 0.010141300 0.044673171 88.902969360
0.037609011 0.019687785 0.999098480 29.897068024 0.009396014 0.999754786 -0.020054407 -1.864264011 -0.999248326 0.010141771 0.037414793 88.926139832
0.029098960 0.020288000 0.999370515 30.692802429 0.008448537 0.999753296 -0.020541763 -1.895922780 -0.999540806 0.009040964 0.028920377 88.949218750
0.018836241 0.020938810 0.999603331 31.496953964 0.008900293 0.999737501 -0.021109337 -1.917710543 -0.999782920 0.009294384 0.018644936 88.968109131
0.008323675 0.020097023 0.999763310 32.302093506 0.010777995 0.999738097 -0.020186251 -1.943857431 -0.999907255 0.010943469 0.008104892 88.980491638
-0.001750147 0.019032184 0.999817252 33.076694489 0.009916149 0.999770045 -0.019013928 -1.972258806 -0.999949276 0.009881061 -0.001938472 88.957916260
-0.013347041 0.018329082 0.999742866 33.869228363 0.010811761 0.999776304 -0.018185347 -1.992616892 -0.999852419 0.010566262 -0.013542225 88.960807800
-0.024240801 0.018699052 0.999531329 34.652206421 0.010693514 0.999772727 -0.018444225 -2.019066334 -0.999648869 0.010241399 -0.024435252 88.938575745
-0.035529274 0.019432852 0.999179602 35.423236847 0.011094551 0.999756992 -0.019049574 -2.041075230 -0.999307096 0.010408631 -0.035736233 88.909202576
-0.045657501 0.020181248 0.998753250 36.194927216 0.010544151 0.999749899 -0.019719366 -2.073625565 -0.998901427 0.009630670 -0.045858882 88.868362427
-0.056334864 0.021389078 0.998182774 36.962245941 0.011071123 0.999722362 -0.020797245 -2.093969822 -0.998350561 0.009879395 -0.056556031 88.827293396
-0.065418318 0.021843012 0.997618794 37.714782715 0.012372541 0.999701262 -0.021077288 -2.126061916 -0.997781217 0.010964241 -0.065669030 88.762184143
-0.075499371 0.022548353 0.996890783 38.489246368 0.012982619 0.999681771 -0.021628246 -2.149813175 -0.997061253 0.011309338 -0.075768068 88.722480774
-0.084853157 0.022699568 0.996134818 39.228252411 0.013605379 0.999673665 -0.021621274 -2.179731846 -0.996300399 0.011718158 -0.085134290 88.659797668
-0.093572155 0.022365928 0.995361209 39.958480835 0.015015556 0.999665678 -0.021051060 -2.201985598 -0.995499134 0.012976107 -0.093876697 88.586318970
-0.100922473 0.021001931 0.994672477 40.684013367 0.016516617 0.999674797 -0.019431721 -2.229982138 -0.994757056 0.014467529 -0.101236522 88.510116577
-0.105950929 0.019697633 0.994176149 41.423694611 0.019700911 0.999649048 -0.017706506 -2.255644798 -0.994176149 0.017710162 -0.106301822 88.423255920
-0.109274596 0.018250646 0.993844032 42.128631592 0.023128070 0.999607444 -0.015813513 -2.276513577 -0.993742585 0.021257682 -0.109653801 88.331703186
-0.112052098 0.017127892 0.993554711 42.839633942 0.024374943 0.999597967 -0.014483090 -2.298858881 -0.993403256 0.022594983 -0.112424530 88.253524780
-0.113972738 0.016151698 0.993352592 43.522796631 0.024346825 0.999612927 -0.013460048 -2.321465015 -0.993185461 0.022650898 -0.114321865 88.178947449
-0.114843562 0.016660389 0.993243814 44.192314148 0.025452796 0.999580443 -0.013823705 -2.342009068 -0.993057489 0.023693264 -0.115219422 88.102066040
-0.113639183 0.017415293 0.993369460 44.847064972 0.026059093 0.999554574 -0.014542629 -2.364203691 -0.993180275 0.024233688 -0.114042394 88.026153564
-0.110505022 0.019322798 0.993687749 45.474781036 0.027364075 0.999491096 -0.016392570 -2.381011724 -0.993498743 0.025379883 -0.110977530 87.958335876
-0.105686419 0.019762263 0.994203091 46.087867737 0.027037686 0.999489844 -0.016993182 -2.405023098 -0.994031847 0.025084997 -0.106166847 87.894729614
-0.097689986 0.020528376 0.995005071 46.680500031 0.026612179 0.999483645 -0.018007979 -2.423588276 -0.994860947 0.024720056 -0.098185852 87.839767456
-0.086680606 0.020222215 0.996030807 47.263435364 0.024992695 0.999523342 -0.018118113 -2.450668812 -0.995922565 0.023323005 -0.087144710 87.802612305
-0.072869524 0.020357875 0.997133732 47.808029175 0.024293022 0.999531209 -0.018631516 -2.474879742 -0.997045517 0.022865718 -0.073329940 87.766143799
-0.055551998 0.021343339 0.998227656 48.334682465 0.023192927 0.999529302 -0.020080473 -2.502503633 -0.998186290 0.022036307 -0.056020882 87.747596741
-0.034291111 0.024440190 0.999112904 48.890846252 0.021767439 0.999482036 -0.023702128 -2.514679909 -0.999174774 0.020935355 -0.034805357 87.748558044
-0.009757612 0.027308892 0.999579430 49.411102295 0.019380160 0.999444425 -0.027116021 -2.540621758 -0.999764562 0.019107420 -0.010281440 87.763946533
0.018456154 0.029131267 0.999405146 49.917343140 0.017803660 0.999407411 -0.029460113 -2.560151100 -0.999671042 0.018336788 0.017926570 87.794960022
0.051712450 0.028710727 0.998249233 50.437999725 0.015443907 0.999444127 -0.029545140 -2.580439806 -0.998542488 0.016944716 0.051240299 87.841217041
0.090597130 0.026006334 0.995548010 50.922431946 0.014113474 0.999525011 -0.027394585 -2.604557037 -0.995787561 0.016532509 0.090187073 87.888412476
0.132308692 0.022679906 0.990948975 51.445625305 0.012962601 0.999613047 -0.024608932 -2.618032217 -0.991123736 0.016101252 0.131963491 87.991035461
0.177819461 0.018345578 0.983892143 51.933116913 0.010443009 0.999734759 -0.020528346 -2.637709141 -0.984007716 0.013925133 0.177580729 88.103118896
0.226148248 0.015087111 0.973976076 52.415863037 0.006080665 0.999838591 -0.016899602 -2.654258490 -0.974073827 0.009744236 0.226020038 88.244827271
0.277861565 0.013485050 0.960526526 52.875854492 0.002246831 0.999889612 -0.014687644 -2.672601700 -0.960618436 0.006239275 0.277800590 88.411972046
0.332824558 0.012967803 0.942899585 53.327529907 0.000549413 0.999902725 -0.013945702 -2.693585396 -0.942988515 0.005159516 0.332785070 88.603202820
0.389324963 0.014067698 0.920993030 53.759426117 0.003448225 0.999854028 -0.016729902 -2.701627731 -0.921094060 0.009689160 0.389219612 88.828094482
0.449613988 0.016774798 0.893065333 54.174793243 0.004293560 0.999771476 -0.020940688 -2.724521399 -0.893212676 0.013249658 0.449439198 89.068191528
0.510117292 0.019874714 0.859875143 54.573158264 0.005374121 0.999639750 -0.026293337 -2.743252039 -0.860088110 0.018033760 0.509826779 89.329483032
0.568018317 0.025764221 0.822612643 54.924606323 0.001786493 0.999468863 -0.032536946 -2.732677221 -0.823014081 0.019951170 0.567670703 89.624092102
0.621856511 0.028924543 0.782596886 55.242202759 -0.003042629 0.999399364 -0.034519807 -2.750758171 -0.783125222 0.019085215 0.621571064 89.960357666
0.675138116 0.028923161 0.737124085 55.569160461 -0.004399098 0.999371231 -0.035183996 -2.776021481 -0.737678111 0.020511379 0.674840808 90.304565430
0.724332750 0.026836777 0.688927948 55.864192963 -0.004717455 0.999411643 -0.033971589 -2.795763731 -0.689434290 0.021356750 0.724033356 90.661781311
0.768756568 0.023782324 0.639099181 56.109638214 -0.006967673 0.999560475 -0.028814662 -2.809086561 -0.639503479 0.017698426 0.768584371 91.043746948
0.810743570 0.020527355 0.585041404 56.367877960 -0.008626734 0.999695361 -0.023121495 -2.807653427 -0.585337818 0.013698608 0.810673714 91.449592590
0.847552598 0.018558150 0.530386686 56.587020874 -0.011316790 0.999793172 -0.016898498 -2.815876484 -0.530590534 0.008320090 0.847587347 91.872238159
0.878473520 0.015409123 0.477542400 56.767024994 -0.012307504 0.999877989 -0.009623071 -2.824459076 -0.477632403 0.002576260 0.878555954 92.305473328
0.904252768 0.016710076 0.426670551 56.929897308 -0.016655065 0.999853790 -0.003860701 -2.837814331 -0.426672637 -0.003615178 0.904398859 92.739295959
0.924069643 0.018086186 0.381796002 57.043830872 -0.019755766 0.999804676 0.000453245 -2.858343363 -0.381713152 -0.007961500 0.924246490 93.150321960
0.939501762 0.023478555 0.341738909 57.173461914 -0.025985768 0.999658346 0.002759804 -2.863908768 -0.341557533 -0.011473191 0.939790845 93.597335815
0.951491714 0.027569674 0.306436777 57.285923004 -0.029617725 0.999559104 0.002034671 -2.866003513 -0.306245625 -0.011011934 0.951888859 94.058021545
0.960743189 0.030024240 0.275810182 57.393386841 -0.031827204 0.999491155 0.002062288 -2.865381002 -0.275607944 -0.010759598 0.961209893 94.520843506
0.966762066 0.024685375 0.254483581 57.499835968 -0.026159288 0.999654830 0.002408613 -2.871371984 -0.254336357 -0.008985666 0.967074037 94.987670898
0.970874906 0.022462683 0.238531977 57.617702484 -0.023983810 0.999706149 0.003476237 -2.888016701 -0.238383830 -0.009095896 0.971128464 95.458023071
0.973817945 0.025430558 0.225902647 57.711086273 -0.026726268 0.999639094 0.002678753 -2.879468679 -0.225753084 -0.008646155 0.974146128 95.955963135
0.975788236 0.030923648 0.216520399 57.796943665 -0.032512885 0.999464035 0.003780773 -2.883768082 -0.216287509 -0.010728939 0.976270795 96.463760376
0.976925850 0.037843123 0.210199103 57.899703979 -0.039074022 0.999234855 0.001704341 -2.873854160 -0.209973797 -0.009878336 0.977657080 96.973754883
0.977267802 0.043666761 0.207462490 57.993141174 -0.044282090 0.999017596 -0.001679327 -2.879858971 -0.207332000 -0.007545721 0.978241503 97.492767334
0.977418780 0.045227021 0.206413984 58.103679657 -0.045278076 0.998964429 -0.004479005 -2.885719776 -0.206402749 -0.004968164 0.978454471 98.032630920
0.976804674 0.044212647 0.209518000 58.212776184 -0.043505616 0.999021292 -0.007984404 -2.896898270 -0.209665954 -0.001316008 0.977772117 98.568748474
0.976081073 0.042640384 0.213184208 58.338668823 -0.040388420 0.999072790 -0.014909481 -2.897017002 -0.213622257 0.005942686 0.976898253 99.122589111
0.975311637 0.042036794 0.216794923 58.474708557 -0.038749728 0.999060750 -0.019392723 -2.902212620 -0.217406511 0.010513203 0.976024508 99.675537109
0.974027276 0.046921346 0.221515596 58.592601776 -0.043754715 0.998858154 -0.019183626 -2.912077904 -0.222162753 0.008993026 0.974968135 100.260353088
0.972593427 0.049909573 0.227092728 58.723896027 -0.047712453 0.998746157 -0.015157616 -2.924173832 -0.227564484 0.003907046 0.973755181 100.848548889
0.971656859 0.046628524 0.231751233 58.872879028 -0.045419078 0.998912275 -0.010554619 -2.935905695 -0.231991306 -0.000270460 0.972717822 101.444274902
0.970903158 0.042656813 0.235642806 59.023155212 -0.042729404 0.999075115 -0.004800716 -2.951280832 -0.235629693 -0.005407847 0.971827865 102.064460754
0.970146000 0.040005714 0.239198908 59.180923462 -0.041223191 0.999149978 0.000087004 -2.963567734 -0.238992065 -0.009944950 0.970970511 102.682044983
0.969526291 0.035295993 0.242431462 59.338745117 -0.036537420 0.999332130 0.000625213 -2.969307661 -0.242247507 -0.009463982 0.970168293 103.320259094
0.969526410 0.031862978 0.242905974 59.500629425 -0.032155875 0.999479115 -0.002759943 -2.973818541 -0.242867380 -0.005135017 0.970045865 103.963340759
0.969730794 0.031137958 0.242183030 59.668601990 -0.029715231 0.999513030 -0.009525945 -2.985770226 -0.242361695 0.002041076 0.970183849 104.607810974
0.969845951 0.033904970 0.241348580 59.824028015 -0.030935898 0.999392033 -0.016081676 -2.998985767 -0.241747096 0.008130413 0.970305204 105.247657776
0.970488071 0.036382418 0.238388866 59.985755920 -0.032576263 0.999271274 -0.019887831 -3.007419109 -0.238938749 0.011535089 0.970966101 105.927490234
0.971064091 0.035237744 0.236204833 60.148448944 -0.032398880 0.999348640 -0.015890457 -3.013216972 -0.236610934 0.007777883 0.971573353 106.625556946
0.971461535 0.031003585 0.235162184 60.313648224 -0.029911485 0.999518752 -0.008210563 -3.030574322 -0.235303536 0.000942200 0.971921444 107.335067749
0.972116351 0.030694466 0.232482120 60.483604431 -0.031027649 0.999516010 -0.002224388 -3.046274424 -0.232437879 -0.005051009 0.972598135 108.043571472
0.972386718 0.034517948 0.230808139 60.648094177 -0.034820806 0.999389708 -0.002762401 -3.059134483 -0.230762646 -0.005350804 0.972995341 108.771484375
0.972680807 0.040087748 0.228659004 60.805442810 -0.039413467 0.999194562 -0.007516630 -3.065915823 -0.228776187 -0.001700961 0.973477483 109.508232117
0.973488390 0.041275028 0.224981517 60.968624115 -0.039332435 0.999140143 -0.013111618 -3.071627140 -0.225329235 0.003914939 0.974274755 110.247619629
0.974573135 0.039300360 0.220596135 61.143974304 -0.036770388 0.999202430 -0.015565032 -3.089879990 -0.221031919 0.007057855 0.975241005 110.994903564
0.975516021 0.037036605 0.216787562 61.314033508 -0.034773629 0.999293685 -0.014245364 -3.100225925 -0.217162028 0.006358091 0.976114869 111.772331238
0.976338983 0.033675250 0.213607788 61.479061127 -0.031836182 0.999420524 -0.012044651 -3.118778229 -0.213889599 0.004959205 0.976845205 112.545608521
0.976800799 0.032386184 0.211687237 61.642639160 -0.031179259 0.999472857 -0.009037822 -3.136339664 -0.211868376 0.002227901 0.977295637 113.306594849
0.977161348 0.028836522 0.210532993 61.821479797 -0.028004931 0.999583721 -0.006930894 -3.146261930 -0.210645184 0.000876639 0.977562189 114.117172241
0.977380991 0.024044780 0.210114658 61.994060516 -0.023344697 0.999710500 -0.005811868 -3.155306101 -0.210193574 0.000775347 0.977659464 114.916328430
0.977538943 0.023877498 0.209397510 62.166091919 -0.023446616 0.999714732 -0.004540206 -3.162342310 -0.209446192 -0.000471435 0.977820039 115.739608765
0.977285504 0.030041825 0.209786803 62.330062866 -0.029399043 0.999548614 -0.006182469 -3.180672884 -0.209877819 -0.000125494 0.977727592 116.526733398
0.976998329 0.035469014 0.210276276 62.494621277 -0.034299836 0.999369204 -0.009205791 -3.199358225 -0.210470170 0.001781602 0.977598667 117.343101501
0.976413727 0.044234790 0.211327881 62.656558990 -0.042825989 0.999019325 -0.011240970 -3.203733921 -0.211617857 0.001925512 0.977350712 118.176437378
0.975521445 0.050019044 0.214139566 62.822990417 -0.048861153 0.998748243 -0.010700148 -3.219010830 -0.214406759 -0.000024883 0.976744473 119.005447388
0.974679410 0.052639730 0.217322022 62.993705750 -0.052041590 0.998609006 -0.008478811 -3.239480972 -0.217466056 -0.003045663 0.976063132 119.850952148
0.974021077 0.054080516 0.219904751 63.174926758 -0.053393222 0.998532355 -0.009072190 -3.265579700 -0.220072672 -0.002904919 0.975479186 120.658729553
0.973749220 0.052189868 0.221559599 63.363014221 -0.050782379 0.998637021 -0.012048408 -3.277743816 -0.221886426 0.000480807 0.975072384 121.489906311
0.973701179 0.046147343 0.223106503 63.554935455 -0.044950746 0.998934507 -0.010441618 -3.297914267 -0.223350644 0.000138214 0.974738121 122.331123352
0.973971188 0.039712574 0.223166451 63.757469177 -0.037975948 0.999205589 -0.012069714 -3.320127726 -0.223468512 0.003280596 0.974705637 123.178192139
0.973628938 0.038898800 0.224797130 63.941265106 -0.037093330 0.999236643 -0.012250903 -3.338099957 -0.225102067 0.003589359 0.974328518 124.022285461
0.973268509 0.040791325 0.226018697 64.139663696 -0.039744180 0.999167740 -0.009183362 -3.358965397 -0.226205185 -0.000045051 0.974079669 124.813491821
0.972862661 0.042669244 0.227415010 64.321914673 -0.043024339 0.999068141 -0.003397806 -3.374112844 -0.227348089 -0.006478782 0.973791957 125.657310486
0.972512484 0.046189774 0.228223413 64.508041382 -0.047563970 0.998867989 0.000521758 -3.387386084 -0.227940977 -0.011362629 0.973608673 126.474266052
0.972182930 0.045660738 0.229728803 64.685691833 -0.045535184 0.998945534 -0.005850616 -3.404422760 -0.229753718 -0.004772875 0.973237097 127.315460205
0.972576320 0.041401371 0.228869662 64.895553589 -0.037742410 0.999080360 -0.020343132 -3.424966812 -0.229501471 0.011147155 0.973244488 128.111328125
