1.000000000 0.000000000 0.000000000 0.000000000 0.000000000 1.000000000 0.000000000 0.000000060 0.000000000 0.000000000 1.000000000 0.000000000
0.999992549 -0.002346648 -0.003064626 -0.008263828 0.002339679 0.999994695 -0.002275550 -0.006542663 0.003069950 0.002268363 0.999992728 0.663633943
0.999972582 -0.000997408 -0.007335887 -0.011483226 0.000969921 0.999992490 -0.003749444 -0.011487901 0.007339572 0.003742226 0.999966085 1.344919801
0.999937892 -0.001748159 -0.011009207 -0.036839213 0.001694937 0.999986827 -0.004841835 -0.015371684 0.011017529 0.004822874 0.999927700 2.053604603
0.999875784 -0.000067980 -0.015759813 -0.055671211 -0.000019327 0.999984562 -0.005539642 -0.019651208 0.015759949 0.005539258 0.999860466 2.779605627
0.999796152 -0.000269247 -0.020186158 -0.074116670 0.000151329 0.999982893 -0.005842871 -0.029275905 0.020187384 0.005838625 0.999779224 3.523205757
0.999698341 0.000858424 -0.024543012 -0.101842470 -0.001026665 0.999976158 -0.006843177 -0.035301004 0.024536546 0.006866310 0.999675393 4.277209282
0.999564528 0.003713354 -0.029274501 -0.134634465 -0.003943750 0.999961674 -0.007816395 -0.036584023 0.029244358 0.007928441 0.999540925 5.039914131
0.999415100 0.004344775 -0.033920500 -0.152235746 -0.004553077 0.999971211 -0.006066061 -0.047191005 0.033893168 0.006216956 0.999406099 5.815965652
0.999254704 0.003392167 -0.038451165 -0.187302947 -0.003523297 0.999988258 -0.003343054 -0.052539017 0.038439382 0.003476037 0.999254823 6.617216587
0.999138355 0.003445563 -0.041360714 -0.232669115 -0.003462713 0.999993920 -0.000343010 -0.066554695 0.041359276 0.000485935 0.999144197 7.421024323
0.999007523 0.004825287 -0.044282585 -0.266306281 -0.004900197 0.999986708 -0.001583274 -0.071496017 0.044274371 0.001798696 0.999017715 8.211455345
0.998942077 0.004650034 -0.045751933 -0.323196024 -0.004745437 0.999986768 -0.001976830 -0.076610208 0.045742143 0.002191851 0.998950839 9.028708458
0.998888373 0.001856128 -0.047102608 -0.366290182 -0.001976405 0.999994874 -0.002507067 -0.084581949 0.047097724 0.002597373 0.998886824 9.851271629
0.998742700 0.000756298 -0.050124343 -0.395978153 -0.000835369 0.999998391 -0.001556567 -0.090926975 0.050123092 0.001596483 0.998741806 10.705154419
0.998677433 -0.000704082 -0.051410366 -0.446292937 0.000622594 0.999998391 -0.001601051 -0.104604155 0.051411413 0.001566925 0.998676360 11.549427986
0.998572528 0.001552815 -0.053389166 -0.498152792 -0.001762288 0.999990821 -0.003876664 -0.110562831 0.053382657 0.003965218 0.998566270 12.415139198
0.998509586 0.001990158 -0.054539591 -0.554572582 -0.002361025 0.999974430 -0.006736385 -0.115803801 0.054524787 0.006855115 0.998488903 13.272719383
0.998378813 0.005753243 -0.056627501 -0.599211991 -0.006223379 0.999947488 -0.008129388 -0.133927524 0.056577768 0.008468622 0.998362303 14.148132324
0.998318195 0.006397735 -0.057616375 -0.659406543 -0.006849406 0.999947250 -0.007645204 -0.146826088 0.057564434 0.008026984 0.998309493 15.042520523
0.998209536 0.005540837 -0.059556995 -0.702514768 -0.005886786 0.999966741 -0.005634822 -0.165670648 0.059523806 0.005975331 0.998209059 15.939018250
0.998165429 0.006539001 -0.060193587 -0.770726323 -0.006836658 0.999965370 -0.004740381 -0.171519071 0.060160503 0.005143208 0.998175502 16.820903778
0.998140574 0.006025815 -0.060655419 -0.834964752 -0.006301218 0.999970675 -0.004350188 -0.189173147 0.060627420 0.004724301 0.998149395 17.723190308
0.998037100 0.006276353 -0.062309299 -0.900595307 -0.006642261 0.999961853 -0.005667036 -0.196926624 0.062271345 0.006069787 0.998040795 18.642383575
0.997957647 0.004933073 -0.063688293 -0.952045679 -0.005337437 0.999966800 -0.006180512 -0.211027592 0.063655689 0.006507823 0.997950673 19.535680771
0.997943342 0.004728425 -0.063927822 -1.015306950 -0.005018130 0.999977887 -0.004371939 -0.223361880 0.063905731 0.004683747 0.997944951 20.456695557
0.997905731 0.005956787 -0.064410023 -1.068315029 -0.006049699 0.999980927 -0.001247564 -0.232708216 0.064401351 0.001634614 0.997922778 21.373025894
0.997960150 0.006727098 -0.063484654 -1.138591886 -0.006568370 0.999974728 0.002708648 -0.243730798 0.063501276 -0.002286132 0.997979164 22.313924789
0.998077333 0.005141205 -0.061767075 -1.201366901 -0.004794867 0.999971986 0.005754068 -0.249082074 0.061794925 -0.005446840 0.998074055 23.252742767
0.998202741 0.006206880 -0.059604380 -1.271769762 -0.005871029 0.999965906 0.005808151 -0.244896367 0.059638415 -0.005447774 0.998205125 24.185571671
0.998230755 0.005751795 -0.059179816 -1.305882215 -0.005540753 0.999977648 0.003729587 -0.263853282 0.059199952 -0.003395088 0.998240292 25.134740829
0.998290479 0.007081123 -0.058017068 -1.365919232 -0.007143946 0.999974012 -0.000875483 -0.275255293 0.058009371 0.001288457 0.998315156 26.067676544
0.998365223 0.005719275 -0.056869727 -1.416759133 -0.005955025 0.999974370 -0.003976834 -0.277213126 0.056845527 0.004308994 0.998373687 27.001726151
0.998357713 0.003630464 -0.057172038 -1.430924892 -0.003786320 0.999989450 -0.002618002 -0.290490687 0.057161927 0.002830175 0.998360991 27.950218201
0.998407006 0.001834393 -0.056392364 -1.534056544 -0.001720229 0.999996305 0.002072925 -0.298244715 0.056395963 -0.001972615 0.998406529 28.960443497
0.998380661 -0.001869243 -0.056857493 -1.595110774 0.002182947 0.999982715 0.005455770 -0.306999207 0.056846317 -0.005571052 0.998367429 29.935907364
0.998256028 -0.008846786 -0.058369219 -1.638375401 0.009127064 0.999948084 0.004536958 -0.311879545 0.058326051 -0.005061785 0.998284757 30.914064407
0.998138726 -0.011733118 -0.059845176 -1.685919762 0.011825101 0.999929368 0.001183069 -0.322933733 0.059827060 -0.001888542 0.998206973 31.878910065
0.998076499 -0.012030911 -0.060816746 -1.758280277 0.011881846 0.999925375 -0.002812094 -0.326145947 0.060846053 0.002084069 0.998144984 32.845726013
0.998009801 -0.009683457 -0.062309891 -1.846595764 0.009479924 0.999948740 -0.003561241 -0.343592942 0.062341172 0.002963460 0.998050392 33.838359833
0.997897446 -0.010437910 -0.063966997 -1.883056641 0.010305252 0.999943972 -0.002403426 -0.345941424 0.063988507 0.001739177 0.997949064 34.834587097
0.997881591 -0.006777678 -0.064702921 -1.962280035 0.006805824 0.999976814 0.000214584 -0.361827761 0.064699963 -0.000654486 0.997904539 35.823593140
0.997753739 -0.007444761 -0.066573940 -2.020069361 0.007581435 0.999969661 0.001800567 -0.370867699 0.066558525 -0.002301249 0.997779846 36.827404022
0.997717500 -0.006092319 -0.067250952 -2.093459845 0.006417233 0.999968767 0.004616415 -0.383001447 0.067220725 -0.005037443 0.997725427 37.796703339
0.997699201 -0.007027442 -0.067430086 -2.145502567 0.007574957 0.999940395 0.007867527 -0.385967016 0.067370772 -0.008360207 0.997693121 38.772155762
0.997698605 -0.000739091 -0.067799352 -2.239371777 0.001411016 0.999950409 0.009863139 -0.390323162 0.067788705 -0.009936109 0.997650146 39.803550720
0.997689247 -0.000848698 -0.067935564 -2.314215899 0.001481621 0.999956012 0.009266680 -0.392583489 0.067924716 -0.009345924 0.997646689 40.797302246
0.997698665 -0.000534267 -0.067800850 -2.386820793 0.001031395 0.999972880 0.007297389 -0.391521245 0.067795120 -0.007350528 0.997672200 41.772235870
0.997678161 0.001322262 -0.068092450 -2.447758675 -0.000971829 0.999986112 0.005179291 -0.401046515 0.068098359 -0.005101091 0.997665584 42.764823914
0.997632563 0.001167382 -0.068760045 -2.520436287 -0.000789654 0.999984443 0.005520354 -0.412263125 0.068765424 -0.005452988 0.997617960 43.761985779
0.997523367 -0.001516450 -0.070319772 -2.594295025 0.001954481 0.999979079 0.006160753 -0.408680648 0.070308976 -0.006282935 0.997505486 44.756359100
0.997447312 -0.000625654 -0.071403347 -2.654261351 0.001167393 0.999970794 0.007545542 -0.420645028 0.071396552 -0.007609636 0.997418940 45.727828979
0.997420251 0.001481924 -0.071768038 -2.733086824 -0.001211454 0.999991953 0.003812060 -0.425431550 0.071773112 -0.003715282 0.997414052 46.706043243
0.997390985 0.001619854 -0.072170228 -2.809307337 -0.001636763 0.999998629 -0.000175169 -0.435057849 0.072169840 0.000292838 0.997392297 47.658611298
0.997341990 0.003404719 -0.072782099 -2.884192228 -0.003528121 0.999992549 -0.001566998 -0.446556807 0.072776228 0.001819618 0.997346699 48.617538452
0.997330487 0.001912233 -0.072994716 -2.953339100 -0.001748990 0.999995947 0.002300213 -0.463526458 0.072998814 -0.002166406 0.997329652 49.595916748
0.997389734 0.000506351 -0.072203256 -3.042131424 -0.000135059 0.999986768 0.005147105 -0.471850336 0.072204918 -0.005123918 0.997376561 50.567295074
0.997345924 -0.001342179 -0.072796144 -3.108729362 0.001792600 0.999979734 0.006122440 -0.487109154 0.072786443 -0.006236685 0.997327983 51.529308319
0.997276068 -0.003951496 -0.073654033 -3.172646284 0.004295695 0.999980569 0.004515351 -0.494671792 0.073634759 -0.004819447 0.997273564 52.477298737
0.997227907 -0.007698154 -0.074009210 -3.230236530 0.008005597 0.999960482 0.003858397 -0.509091437 0.073976591 -0.004440187 0.997250080 53.437484741
0.997160375 -0.008888043 -0.074781291 -3.307126284 0.009290525 0.999944150 0.005035988 -0.520358801 0.074732363 -0.005716445 0.997187197 54.392456055
0.996993423 -0.012684856 -0.076441512 -3.365124941 0.013436695 0.999866188 0.009329193 -0.524399638 0.076312944 -0.010328266 0.997030437 55.336921692
0.996948957 -0.012901779 -0.076983146 -3.441535950 0.013989934 0.999809563 0.013612461 -0.516674161 0.076792859 -0.014647922 0.996939480 56.301158905
0.996976674 -0.010534562 -0.076984666 -3.528780460 0.011760762 0.999810815 0.015491853 -0.518485546 0.076806903 -0.016350413 0.996911883 57.241275787
0.996864617 -0.009054012 -0.078606769 -3.603471756 0.009972701 0.999886334 0.011302459 -0.516482472 0.078495502 -0.012050944 0.996841609 58.169948578
0.996771753 -0.008222738 -0.079866104 -3.682992935 0.008566102 0.999955416 0.003957572 -0.523593783 0.079830006 -0.004628939 0.996797860 59.081314087
0.996671975 -0.007205241 -0.081197254 -3.757549763 0.007192355 0.999974072 -0.000451173 -0.540129542 0.081198402 -0.000134329 0.996697962 60.022655487
0.996648192 -0.001634679 -0.081790306 -3.845281124 0.001633247 0.999998689 -0.000084407 -0.546750426 0.081790350 -0.000049460 0.996649504 60.921749115
0.996576965 0.001784771 -0.082649760 -3.932865620 -0.001551783 0.999994695 0.002883138 -0.570969939 0.082654469 -0.002745014 0.996574521 61.804435730
0.996527553 0.003678634 -0.083181277 -4.016590595 -0.003346602 0.999985933 0.004130762 -0.573623121 0.083195306 -0.003838045 0.996525943 62.666954041
0.996338248 0.003439097 -0.085430063 -4.079290390 -0.003103207 0.999986947 0.004064232 -0.586976290 0.085442938 -0.003784243 0.996335864 63.556911469
0.996211469 0.005514468 -0.086790055 -4.156741619 -0.005118715 0.999975502 0.004781773 -0.598001719 0.086814307 -0.004319403 0.996215105 64.396980286
0.996078491 0.005987330 -0.088270105 -4.239049911 -0.005519493 0.999969363 0.005543183 -0.606909871 0.088300593 -0.005034242 0.996081173 65.250358582
0.995964706 0.006249541 -0.089526720 -4.319380760 -0.005760539 0.999966979 0.005719426 -0.612529457 0.089559503 -0.005180625 0.995968044 66.065666199
0.995853603 0.006029719 -0.090769805 -4.393774986 -0.005414160 0.999960661 0.007026241 -0.623549640 0.090808593 -0.006505667 0.995847106 66.882514954
0.995715141 0.008775678 -0.092056900 -4.480000019 -0.007917070 0.999921679 0.009687988 -0.628619730 0.092134722 -0.008917656 0.995706558 67.682495117
0.995561957 0.010201910 -0.093553655 -4.551498413 -0.008954071 0.999865413 0.013748294 -0.632305264 0.093681335 -0.012849594 0.995519280 68.465789795
0.995379925 0.013182575 -0.095104747 -4.637347221 -0.011747904 0.999808788 0.015629340 -0.639301181 0.095292591 -0.014439850 0.995344579 69.239204407
0.995244563 0.015971741 -0.096088268 -4.725761414 -0.014945888 0.999823391 0.011386476 -0.642187178 0.096253172 -0.009896208 0.995307803 69.986137390
0.995082676 0.016029110 -0.097742267 -4.792117119 -0.015706180 0.999868333 0.004072512 -0.649451613 0.097794652 -0.002517327 0.995203555 70.711677551
0.994951427 0.015238838 -0.099194229 -4.865510941 -0.015503668 0.999878049 -0.001899489 -0.656225204 0.099153154 0.003427773 0.995066345 71.418571472
0.994898021 0.015887780 -0.099626139 -4.941281319 -0.016252732 0.999863744 -0.002852655 -0.664806902 0.099567249 0.004457298 0.995020866 72.113006592
0.994733274 0.018733516 -0.100770809 -5.006792068 -0.018735284 0.999823987 0.000928931 -0.679506302 0.100770488 0.000963931 0.994909346 72.781883240
0.994629383 0.019013893 -0.101739123 -5.089025497 -0.018796144 0.999818563 0.003098551 -0.692633212 0.101779565 -0.001169607 0.994806290 73.438362122
0.994557202 0.015824046 -0.102983177 -5.150991440 -0.015918957 0.999873221 -0.000099736 -0.707307220 0.102968574 0.001738578 0.994683146 74.070587158
0.994722426 0.007922450 -0.102296419 -5.217943192 -0.008548149 0.999947369 -0.005679619 -0.709552884 0.102246031 0.006524091 0.994737804 74.669662476
0.994892955 0.003802782 -0.100863770 -5.290760040 -0.004861661 0.999935687 -0.010254394 -0.724670649 0.100818291 0.010692391 0.994847417 75.273612976
0.995103538 0.006054138 -0.098652035 -5.321221352 -0.007091630 0.999923229 -0.010169412 -0.743226886 0.098582901 0.010819223 0.995070040 75.855628967
0.995497167 0.011188280 -0.094128966 -5.390962601 -0.011865397 0.999907553 -0.006636891 -0.768436909 0.094046026 0.007723883 0.995537877 76.422912598
0.995902538 0.009716342 -0.089911185 -5.427866936 -0.010084853 0.999942482 -0.003645225 -0.774235487 0.089870594 0.004537030 0.995943129 76.975173950
0.996458888 0.006321124 -0.083843499 -5.476348400 -0.006358415 0.999979734 -0.000177741 -0.772805572 0.083840698 0.000710222 0.996478915 77.518699646
0.997135162 0.001409073 -0.075627841 -5.506059170 -0.001145629 0.999993026 0.003526717 -0.786727071 0.075632304 -0.003429974 0.997129858 78.040832520
0.997842431 0.005090762 -0.065456405 -5.526572227 -0.004872755 0.999981999 0.003489769 -0.799061418 0.065473013 -0.003163287 0.997849345 78.564285278
0.998714268 0.010496252 -0.049595356 -5.569322586 -0.010362122 0.999941885 0.002960815 -0.806373000 0.049623549 -0.002443096 0.998765111 79.064811707
0.999360859 0.015535784 -0.032197133 -5.571927547 -0.015423379 0.999873936 0.003736575 -0.815902472 0.032251127 -0.003237599 0.999474585 79.565635681
0.999854565 0.014107306 -0.009586211 -5.568728924 -0.014069335 0.999892831 0.004016790 -0.815306485 0.009641852 -0.003881335 0.999945998 80.044059753
0.999812126 0.010544550 0.016262472 -5.527972221 -0.010639743 0.999926627 0.005778324 -0.832551122 -0.016200349 -0.005950268 0.999851108 80.510261536
0.998896062 0.009276427 0.046049036 -5.493126869 -0.009628852 0.999925911 0.007437316 -0.843595445 -0.045976646 -0.007872507 0.998911560 80.961784363
0.996816278 0.008324093 0.079297476 -5.430235863 -0.009026684 0.999923110 0.008505858 -0.842050612 -0.079220586 -0.009194573 0.996814728 81.412437439
0.993189394 0.008232834 0.116219416 -5.353358269 -0.009359688 0.999914289 0.009153523 -0.849743783 -0.116134107 -0.010178959 0.993181407 81.829879761
0.987423897 0.008423042 0.157870933 -5.261108398 -0.009995750 0.999907970 0.009170623 -0.854007125 -0.157779187 -0.010633330 0.987417161 82.252662659
0.979065716 0.007666096 0.203400165 -5.151473999 -0.009700216 0.999912441 0.009005522 -0.860144496 -0.203313321 -0.010790024 0.979054272 82.675621033
0.967498422 0.010364998 0.252664924 -5.025691986 -0.012527628 0.999897420 0.006951999 -0.864705682 -0.252566874 -0.009891338 0.967528939 83.065345764
0.952132046 0.010463514 0.305507779 -4.869441986 -0.012475747 0.999911427 0.004634815 -0.879446864 -0.305432230 -0.008224392 0.952178299 83.446846008
0.932361603 0.011702841 0.361337692 -4.701375961 -0.013367292 0.999908388 0.002107118 -0.876346827 -0.361279935 -0.006794701 0.932432711 83.805313110
0.908348501 0.010192582 0.418089718 -4.495920181 -0.011618783 0.999932110 0.000865885 -0.889369249 -0.418052465 -0.005644219 0.908405364 84.149955750
0.879071414 0.010716266 0.476569712 -4.284420013 -0.011361049 0.999934316 -0.001528394 -0.888801873 -0.476554751 -0.004070764 0.879135370 84.487503052
0.845826089 0.009574929 0.533372879 -4.051620483 -0.009517082 0.999950707 -0.002858524 -0.906188250 -0.533373952 -0.002658340 0.845875323 84.747116089
0.808633029 0.009242951 0.588240921 -3.792762756 -0.008545081 0.999955535 -0.003965564 -0.912500620 -0.588251412 -0.001819880 0.808676064 85.039588928
0.768583536 0.008381722 0.639694691 -3.516029358 -0.008086639 0.999961555 -0.003386214 -0.920087159 -0.639698446 -0.002570393 0.768621683 85.314216614
0.725867093 0.007568571 0.687793434 -3.222061157 -0.009672542 0.999952912 -0.000795636 -0.927950621 -0.687766969 -0.006075186 0.725906014 85.562637329
0.682511210 0.006256509 0.730848372 -2.909328461 -0.008618618 0.999962687 -0.000511695 -0.936908901 -0.730824351 -0.005949666 0.682539701 85.759414673
0.636192560 0.004069812 0.771519661 -2.596374512 -0.004229549 0.999989450 -0.001787332 -0.941268682 -0.771518767 -0.002126093 0.636203051 85.953941345
0.590090275 0.001528265 0.807335973 -2.252212524 0.001180867 0.999995470 -0.002756073 -0.944473624 -0.807336509 0.002579688 0.590085685 86.137825012
0.544156730 0.003303299 0.838977098 -1.903114319 -0.000507193 0.999993265 -0.003608305 -0.952377081 -0.838983357 0.001537959 0.544154882 86.308204651
0.498022914 0.005825636 0.867144465 -1.567260742 -0.004673854 0.999980927 -0.004033744 -0.966921210 -0.867151380 -0.002044009 0.498040557 86.452011108
0.452961624 0.009021945 0.891484380 -1.239288330 -0.004368831 0.999959230 -0.007899929 -0.960219681 -0.891519308 -0.000316379 0.452982545 86.572914124
0.409866631 0.006271759 0.912123859 -0.887289047 0.002581179 0.999964416 -0.008035613 -0.969110250 -0.912141860 0.005647885 0.409835935 86.694122314
0.370897710 -0.001204405 0.928672969 -0.515640259 0.018147675 0.999817610 -0.005951229 -0.964537263 -0.928496420 0.019060556 0.370851934 86.778732300
0.335642874 -0.005086574 0.941975594 -0.146945953 0.022805747 0.999736130 -0.002727623 -0.967113614 -0.941713274 0.022397965 0.335670322 86.872177124
0.302905798 -0.000860751 0.953020096 0.224609375 0.019338727 0.999799252 -0.005243577 -0.977709711 -0.952824295 0.020018505 0.302861631 86.968948364
0.272665560 0.005819632 0.962091327 0.584739685 0.010365363 0.999905884 -0.008986011 -0.987852991 -0.962053061 0.012422602 0.272579551 87.055381775
0.243706048 0.011796555 0.969777405 0.961118698 0.004918726 0.999898136 -0.013399030 -0.994884670 -0.969836593 0.008035496 0.243623212 87.150901794
0.217552707 0.013586267 0.975954056 1.348794937 0.006462446 0.999861121 -0.015359641 -1.006770492 -0.976027131 0.009648584 0.217434704 87.219085693
0.194204450 0.014936465 0.980847418 1.755311966 0.012994801 0.999757051 -0.017797355 -1.018044353 -0.980874956 0.016202243 0.193963259 87.274642944
0.174419507 0.020903818 0.984449565 2.166416168 0.018992022 0.999517262 -0.024588669 -1.023090839 -0.984488308 0.022985430 0.173938319 87.314262390
0.154809177 0.027368482 0.987565339 2.586276054 0.021469302 0.999286830 -0.031058818 -1.020796180 -0.987711191 0.026010530 0.154111236 87.364578247
0.137263224 0.028327407 0.990129530 3.034661293 0.018988611 0.999332130 -0.031223115 -1.028957129 -0.990352631 0.023086973 0.136633664 87.426239014
0.121788263 0.023866763 0.992269218 3.491827965 0.016254734 0.999528766 -0.026036441 -1.053807497 -0.992422998 0.019300001 0.121342935 87.475746155
0.107104413 0.020808935 0.994030058 3.966576576 0.017009327 0.999596238 -0.022758175 -1.069554329 -0.994102299 0.019345280 0.106707223 87.524116516
0.093898356 0.018724579 0.995405793 4.438963890 0.018335147 0.999621034 -0.020533461 -1.085433245 -0.995412946 0.020178966 0.093519457 87.552276611
0.082254782 0.017260658 0.996461868 4.908894539 0.022012973 0.999574602 -0.019131679 -1.103463531 -0.996368170 0.023508763 0.081839830 87.584297180
0.071976595 0.018023767 0.997243464 5.417566299 0.025378423 0.999479830 -0.019895891 -1.113640428 -0.997083366 0.026740504 0.071481742 87.610458374
0.064147457 0.018563503 0.997767866 5.950454712 0.027114520 0.999425471 -0.020337563 -1.129596233 -0.997571945 0.028358597 0.063607261 87.640678406
0.058323726 0.018734345 0.998121977 6.501154423 0.028598301 0.999382257 -0.020429097 -1.145537972 -0.997887969 0.029736096 0.057751924 87.673141479
0.052923113 0.019805174 0.998402178 7.092248440 0.030598640 0.999301493 -0.021444989 -1.153491735 -0.998129785 0.031684685 0.052280150 87.701004028
0.047195364 0.020356826 0.998678207 7.666118145 0.031022077 0.999280155 -0.021835133 -1.169030309 -0.998403847 0.032011587 0.046529882 87.721176147
0.042688690 0.020426985 0.998879552 8.266279221 0.033711012 0.999192119 -0.021874072 -1.185363293 -0.998519540 0.034607012 0.041965596 87.742416382
0.039856121 0.020586818 0.998993278 8.890254974 0.034505095 0.999163091 -0.021966942 -1.196763396 -0.998609424 0.035345886 0.039112415 87.758445740
0.037024543 0.020157482 0.999110937 9.529318810 0.035513572 0.999138415 -0.021474078 -1.211781979 -0.998683155 0.036277074 0.036276780 87.776901245
0.034408927 0.019525263 0.999217153 10.188474655 0.037303716 0.999087274 -0.020807317 -1.230058789 -0.998711407 0.037990458 0.033649161 87.801315308
0.033832710 0.019178800 0.999243379 10.861077309 0.042015631 0.998904645 -0.020594878 -1.247090816 -0.998543978 0.042680629 0.032989845 87.816085815
0.035138313 0.018742474 0.999206603 11.554757118 0.045662358 0.998749912 -0.020339677 -1.265216589 -0.998338819 0.046340838 0.034238558 87.831329346
0.037040051 0.018780379 0.999137282 12.261111259 0.046567030 0.998704791 -0.020498579 -1.279723406 -0.998228312 0.047286130 0.036117520 87.864120483
0.041103829 0.018859308 0.998976886 12.983814240 0.048995558 0.998580992 -0.020867798 -1.295867562 -0.997952819 0.049803179 0.040121473 87.892852783
0.045460135 0.017904038 0.998805761 13.712516785 0.049794395 0.998555779 -0.020165926 -1.320986032 -0.997724295 0.050651677 0.044502962 87.924346924
0.049300089 0.016292330 0.998651147 14.475225449 0.051109493 0.998515785 -0.018813228 -1.337118626 -0.997475445 0.051968046 0.048394222 87.968421936
0.053124566 0.014666069 0.998480141 15.220497131 0.050698083 0.998563051 -0.017364699 -1.358938575 -0.997300088 0.051543519 0.052304696 88.008094788
0.057265550 0.012133038 0.998285234 15.994071007 0.047720052 0.998749971 -0.014876092 -1.380376577 -0.997217953 0.048490111 0.056614984 88.059692383
0.061555464 0.011383857 0.998038709 16.793224335 0.046968445 0.998794138 -0.014289317 -1.394442439 -0.996997952 0.047755908 0.060946554 88.114219666
0.065990515 0.012024133 0.997747779 17.566913605 0.044738498 0.998886168 -0.014996830 -1.411705852 -0.996816814 0.045627385 0.065379076 88.156066895
0.068652652 0.016627165 0.997502089 18.367485046 0.041610923 0.998943150 -0.019515045 -1.437469602 -0.996772408 0.042846743 0.067888245 88.223930359
0.070231244 0.021605376 0.997296751 19.171792984 0.035658259 0.999071956 -0.024154946 -1.462664604 -0.996893227 0.037258301 0.069395661 88.288650513
0.070109226 0.024704620 0.997233391 19.971155167 0.033115257 0.999084592 -0.027078606 -1.486512423 -0.996989548 0.034922101 0.069226950 88.352241516
0.070257857 0.024466936 0.997228801 20.766601562 0.031669855 0.999140441 -0.026745073 -1.509514332 -0.997026026 0.033461142 0.069422595 88.413696289
0.069444984 0.023291036 0.997313857 21.614484787 0.028625326 0.999269187 -0.025329938 -1.533267975 -0.997174978 0.030307466 0.068727545 88.505966187
0.069195606 0.021922486 0.997362137 22.430910110 0.028911587 0.999294460 -0.023970801 -1.566322088 -0.997184038 0.030493999 0.068512984 88.567276001
0.069654778 0.020707302 0.997356176 23.238969803 0.026379004 0.999396682 -0.022591960 -1.607226610 -0.997222304 0.027882896 0.069066525 88.627235413
0.069892503 0.021698069 0.997318506 24.053945541 0.025364250 0.999401510 -0.023520924 -1.626834273 -0.997232020 0.026940171 0.069300339 88.686050415
0.070594922 0.021521170 0.997272849 24.881130219 0.022203457 0.999485612 -0.023140661 -1.671420336 -0.997257948 0.023776518 0.070080765 88.747802734
0.068480656 0.023785850 0.997368872 25.689134598 0.020172091 0.999478400 -0.025221203 -1.683266044 -0.997448504 0.021846177 0.067965128 88.828109741
0.065472268 0.023623576 0.997574806 26.498075485 0.016325587 0.999560654 -0.024742071 -1.714409590 -0.997720838 0.017905915 0.065057836 88.889366150
0.062953167 0.022067385 0.997772574 27.301012039 0.014581965 0.999628544 -0.023028463 -1.743649483 -0.997909904 0.015999202 0.062607996 88.925582886
0.057317376 0.019742118 0.998160779 28.131660461 0.012129393 0.999716878 -0.020469401 -1.775557041 -0.998282313 0.013280340 0.057061691 88.996345520
0.051436588 0.018199708 0.998510420 28.920038223 0.010523908 0.999768615 -0.018764760 -1.793291092 -0.998620808 0.011473430 0.051233150 89.028892517
0.043955140 0.017697118 0.998876750 29.717145920 0.009847573 0.999786854 -0.018146574 -1.832547784 -0.998984933 0.010634148 0.043771490 89.058341980
0.035270166 0.018578244 0.999205112 30.517171860 0.009450142 0.999776304 -0.018922435 -1.858674526 -0.999333203 0.010110027 0.035086703 89.086395264
0.025346909 0.018383984 0.999509633 31.314052582 0.008757902 0.999788523 -0.018611200 -1.894318342 -0.999640346 0.009225344 0.025180537 89.102073669
0.014760060 0.017539976 0.999737322 32.112026215 0.009877708 0.999794781 -0.017686822 -1.919121504 -0.999842227 0.010136173 0.014583783 89.118049622
0.004134049 0.016750114 0.999851227 32.897258759 0.009521438 0.999813735 -0.016788851 -1.941542387 -0.999946177 0.009589429 0.003973793 89.118507385
-0.006885115 0.015802111 0.999851465 33.689022064 0.011218891 0.999813437 -0.015724255 -1.965483189 -0.999913394 0.011108960 -0.007061113 89.109649658
-0.018039998 0.016329139 0.999704003 34.467128754 0.010806191 0.999811471 -0.016135892 -1.989192486 -0.999778867 0.010511902 -0.018213049 89.094490051
-0.029089840 0.017251294 0.999427915 35.234153748 0.011601265 0.999789476 -0.016919861 -2.005971670 -0.999509454 0.011102431 -0.029283861 89.073989868
-0.040192623 0.018808039 0.999014974 36.011280060 0.011604833 0.999764204 -0.018355254 -2.022913456 -0.999124587 0.010855656 -0.040401414 89.050857544
-0.050055541 0.019212238 0.998561680 36.767704010 0.010635979 0.999768555 -0.018702302 -2.058583736 -0.998689830 0.009684526 -0.050248310 89.001564026
-0.060141742 0.019852862 0.997992456 37.570861816 0.012424873 0.999739766 -0.019138861 -2.091182709 -0.998112500 0.011248886 -0.060372762 88.971092224
-0.070074461 0.020550210 0.997330129 38.335464478 0.013510230 0.999715686 -0.019650109 -2.112438679 -0.997450292 0.012097187 -0.070332155 88.922500610
-0.078375779 0.021476943 0.996692598 39.057933807 0.016482018 0.999659240 -0.020244798 -2.119916201 -0.996787667 0.014840802 -0.078703038 88.837608337
-0.087955393 0.020330984 0.995916963 39.804306030 0.015241964 0.999702156 -0.019062150 -2.162930489 -0.996007740 0.013503111 -0.088239066 88.789176941
-0.094586566 0.019146981 0.995332420 40.533782959 0.016822297 0.999702990 -0.017632425 -2.187124968 -0.995374441 0.015075991 -0.094880581 88.696525574
-0.100114904 0.017358327 0.994824409 41.265144348 0.019527199 0.999689519 -0.015478080 -2.212084532 -0.994784236 0.017876552 -0.100422777 88.629760742
-0.104165509 0.015506389 0.994439006 41.973457336 0.022652684 0.999656081 -0.013214914 -2.235788584 -0.994301915 0.021150179 -0.104480937 88.552322388
-0.106278934 0.014128269 0.994235992 42.663631439 0.022845851 0.999669790 -0.011763375 -2.264128447 -0.994073868 0.021463968 -0.106566630 88.464851379
-0.108227350 0.013211028 0.994038343 43.348602295 0.022728760 0.999683201 -0.010811422 -2.286248684 -0.993866265 0.021423168 -0.108493321 88.396003723
-0.109780066 0.013860458 0.993859172 44.010112762 0.023324560 0.999663353 -0.011365010 -2.302945614 -0.993682206 0.021933679 -0.110066384 88.335739136
-0.107916579 0.015227293 0.994043350 44.688087463 0.025333010 0.999600112 -0.012562182 -2.312022686 -0.993837118 0.023826443 -0.108259186 88.250312805
-0.105162740 0.016713195 0.994314611 45.309226990 0.026111975 0.999560356 -0.014039663 -2.333438396 -0.994112134 0.024487069 -0.105552942 88.186782837
-0.100183196 0.017389430 0.994817078 45.956134796 0.026299730 0.999544084 -0.014823544 -2.347994804 -0.994621277 0.024678349 -0.100594871 88.137207031
-0.092295222 0.018247318 0.995564520 46.537395477 0.026016772 0.999534905 -0.015908167 -2.367733240 -0.995391786 0.024433125 -0.092727050 88.082176208
-0.080903389 0.018169170 0.996556342 47.129310608 0.024863590 0.999559402 -0.016205426 -2.387042522 -0.996411741 0.023466894 -0.081319503 88.045341492
-0.066968307 0.017742807 0.997597337 47.657386780 0.023574963 0.999590814 -0.016195679 -2.421917677 -0.997476518 0.022433724 -0.067359202 88.006408691
-0.050128989 0.018970858 0.998562634 48.183441162 0.022261798 0.999592304 -0.017872853 -2.444741249 -0.998494685 0.021333849 -0.050530870 87.995269775
-0.028493378 0.021409839 0.999364734 48.695026398 0.021527272 0.999551773 -0.020800073 -2.465625763 -0.999362171 0.020920927 -0.028941501 87.988739014
-0.003528684 0.024673067 0.999689341 49.211673737 0.019106623 0.999514699 -0.024601310 -2.482999325 -0.999811292 0.019013874 -0.003998376 88.001037598
0.024566561 0.026134510 0.999356627 49.745697021 0.016813241 0.999505997 -0.026551725 -2.506558180 -0.999556780 0.017454708 0.024115026 88.035133362
0.057874627 0.027051782 0.997957230 50.263458252 0.017548546 0.999450743 -0.028109960 -2.498515606 -0.998169601 0.019139554 0.057368137 88.081359863
0.095868967 0.023171240 0.995124340 50.783390045 0.014405956 0.999592006 -0.024663124 -2.546042442 -0.995289683 0.016700143 0.095496051 88.156074524
0.138635010 0.019609958 0.990149379 51.273433685 0.012774698 0.999685287 -0.021587458 -2.563840389 -0.990261078 0.015641639 0.138340876 88.241889954
0.183290988 0.014562842 0.982950807 51.777198792 0.008882778 0.999824822 -0.016469212 -2.593548775 -0.983018517 0.011749992 0.183129519 88.367111206
0.232084543 0.011998350 0.972621560 52.255367279 0.005992093 0.999887347 -0.013764517 -2.601028919 -0.972677112 0.009022573 0.231986493 88.506591797
0.283872545 0.010092325 0.958808899 52.728416443 0.002332361 0.999934375 -0.011215746 -2.618945599 -0.958859086 0.005420132 0.283830374 88.678131104
0.338725984 0.008825108 0.940843701 53.188598633 0.001277965 0.999950707 -0.009839628 -2.646209002 -0.940884113 0.004535305 0.338698059 88.869461060
0.393793434 0.013332441 0.919102192 53.654823303 0.005003381 0.999848902 -0.016647471 -2.608027220 -0.919185281 0.011154282 0.393667310 89.111404419
0.454960018 0.015584913 0.890375376 54.078159332 0.006622801 0.999759912 -0.020883646 -2.633065939 -0.890487075 0.015398003 0.454747647 89.343490601
0.515855908 0.019168837 0.856460810 54.488582611 0.007188272 0.999617577 -0.026702469 -2.647476912 -0.856645107 0.019931100 0.515520811 89.605987549
0.574683905 0.023192506 0.818046689 54.835754395 0.003299688 0.999524534 -0.030655652 -2.659057856 -0.818368733 0.020316608 0.574334264 89.883636475
0.631596923 0.028487381 0.774773359 55.163948059 0.000243220 0.999317348 -0.036941841 -2.638413906 -0.775296867 0.023520790 0.631158829 90.179367065
0.678174257 0.032084987 0.734200478 55.469543457 -0.003739390 0.999184191 -0.040210892 -2.596121311 -0.734891713 0.024524530 0.677740991 90.610267639
0.728320956 0.030655136 0.684550226 55.787708282 -0.004960789 0.999208450 -0.039467998 -2.616523981 -0.685218394 0.025349462 0.727896571 90.966941833
0.773257494 0.026516335 0.633537591 56.044082642 -0.006861528 0.999416530 -0.033455234 -2.640317917 -0.634055138 0.021522477 0.772988379 91.353736877
0.812370062 0.024065398 0.582645655 56.259525299 -0.008671860 0.999536157 -0.029193521 -2.617074966 -0.583077908 0.018663324 0.812201977 91.787033081
0.849562466 0.024628967 0.526912868 56.502418518 -0.013694777 0.999602497 -0.024642807 -2.605036497 -0.527310371 0.013719653 0.849562109 92.220581055
0.880384386 0.016798045 0.473963231 56.651557922 -0.011703257 0.999837637 -0.013697163 -2.661043167 -0.474116445 0.006511857 0.880438089 92.553970337
0.905942678 0.017558638 0.423036218 56.810531616 -0.015488748 0.999845266 -0.008330269 -2.673182726 -0.423117042 0.000994446 0.906074405 92.992553711
0.925694823 0.019079270 0.377789646 56.937637329 -0.018940805 0.999812186 -0.004082383 -2.692705631 -0.377796590 -0.003376597 0.925882459 93.424285889
0.941214919 0.025577348 0.336838752 57.067443848 -0.026543897 0.999646127 -0.001736094 -2.698088408 -0.336763918 -0.007306974 0.941560745 93.885032654
0.952565134 0.030231655 0.302829266 57.154159546 -0.031140819 0.999513328 -0.001827026 -2.712731123 -0.302737117 -0.007689991 0.953043103 94.313262939
0.961613119 0.031955171 0.272541881 57.279129028 -0.032762434 0.999461889 -0.001589440 -2.709633112 -0.272446036 -0.007400709 0.962142587 94.819580078
0.968119979 0.024296334 0.249305546 57.406120300 -0.024832506 0.999691069 -0.000994686 -2.711200953 -0.249252677 -0.005227904 0.968424380 95.289237976
0.971696794 0.024160471 0.234992906 57.507770538 -0.024647413 0.999695837 -0.000865165 -2.719115734 -0.234942332 -0.004951288 0.971996665 95.775642395
0.974606872 0.027680000 0.222205192 57.579795837 -0.028273452 0.999600053 -0.000510465 -2.733505249 -0.222130418 -0.005785002 0.974999785 96.284118652
0.976815045 0.032592036 0.211589515 57.694923401 -0.033151906 0.999449909 -0.000901878 -2.725830793 -0.211502552 -0.006133628 0.977358222 96.743095398
0.977790296 0.040814467 0.205572814 57.783409119 -0.041203804 0.999147892 -0.002388475 -2.727146149 -0.205495119 -0.006134954 0.978639007 97.255821228
0.978205740 0.045898374 0.202501535 57.877037048 -0.045607246 0.998940706 -0.006106094 -2.730237246 -0.202567294 -0.003262521 0.979263008 97.771575928
0.978286147 0.046961002 0.201868057 57.975746155 -0.046157651 0.998896360 -0.008687734 -2.737288713 -0.202053279 -0.000818666 0.979374170 98.309677124
0.977710783 0.045615263 0.204941332 58.080123901 -0.043948296 0.998953283 -0.012680666 -2.748291969 -0.205305308 0.003391201 0.978692114 98.855278015
0.976713598 0.048130922 0.209078476 58.195308685 -0.045242243 0.998803139 -0.018579641 -2.783510685 -0.209722519 0.008687810 0.977722347 99.429985046
0.976105154 0.045253973 0.212534219 58.333564758 -0.041325614 0.998883426 -0.022891799 -2.783474207 -0.213332862 0.013561695 0.976885438 99.949630737
0.974901259 0.049320620 0.217106134 58.452507019 -0.045397170 0.998703599 -0.023025248 -2.790164232 -0.217960298 0.012591339 0.975876391 100.529563904
0.973451316 0.052699566 0.222744912 58.577186584 -0.049784504 0.998585165 -0.018686004 -2.808359146 -0.223414510 0.007100672 0.974697709 101.122276306
0.972578943 0.048662398 0.227424860 58.722518921 -0.046444122 0.998806715 -0.015098386 -2.805485725 -0.227888182 0.004121824 0.973678589 101.712387085
0.971768558 0.046437524 0.231321067 58.873905182 -0.045611061 0.998919308 -0.008922481 -2.833072662 -0.231485426 -0.001880212 0.972836554 102.320083618
0.970804572 0.044679597 0.235674277 59.020290375 -0.045116354 0.998975337 -0.003541604 -2.858872414 -0.235591084 -0.007194559 0.971825600 102.951766968
0.970474899 0.039612833 0.237927347 59.186019897 -0.040030058 0.999193728 -0.003079602 -2.866971016 -0.237857506 -0.006535571 0.971278012 103.609741211
0.970527828 0.036867950 0.238152429 59.350589752 -0.036389645 0.999317110 -0.006405998 -2.877932072 -0.238225967 -0.002449083 0.971206665 104.253700256
0.970629454 0.035438552 0.237955377 59.506660461 -0.033229399 0.999359429 -0.013289924 -2.888761759 -0.238273919 0.004992475 0.971185088 104.910308838
0.970777929 0.037867356 0.236973599 59.665023804 -0.034128554 0.999220133 -0.019861160 -2.903131247 -0.237540856 0.011193208 0.971313000 105.542816162
0.971192718 0.041301951 0.234689385 59.809455872 -0.036724124 0.999041021 -0.023844860 -2.912341118 -0.235449106 0.014539188 0.971777916 106.240447998
0.971957386 0.038573928 0.231972232 59.980384827 -0.035097029 0.999201477 -0.019098448 -2.932594061 -0.232523665 0.010421340 0.972534955 106.965034485
0.972372651 0.034531143 0.230866119 60.144474030 -0.032700878 0.999396026 -0.011750802 -2.948538065 -0.231132478 0.003876633 0.972914577 107.669967651
0.972972393 0.034645878 0.228308260 60.309406281 -0.034300003 0.999396503 -0.005483911 -2.971600056 -0.228360504 -0.002495283 0.973573446 108.392814636
0.973211467 0.038689774 0.226633474 60.466274261 -0.038230445 0.999248326 -0.006417391 -2.984348536 -0.226711392 -0.002418821 0.973959029 109.112991333
0.973499775 0.044089563 0.224397153 60.624992371 -0.042636666 0.999026477 -0.011318562 -2.984587193 -0.224677712 0.001451071 0.974432051 109.858695984
0.974353731 0.045396481 0.220394865 60.786590576 -0.042740572 0.998944700 -0.016806897 -2.996457577 -0.220925301 0.006956062 0.975265920 110.588317871
0.975167811 0.044272967 0.216996670 60.938137054 -0.041018154 0.998968422 -0.019482873 -3.016231537 -0.217635393 0.010098269 0.975977957 111.350830078
0.976225793 0.041019246 0.212839454 61.111679077 -0.038094815 0.999115169 -0.017824722 -3.031515598 -0.213382259 0.009292874 0.976924598 112.100028992
0.977114856 0.037589066 0.209364817 61.281066895 -0.035003252 0.999258339 -0.016043739 -3.048246622 -0.209812596 0.008348129 0.977705896 112.883621216
0.977484941 0.036579169 0.207810029 61.438697815 -0.034596406 0.999314606 -0.013168867 -3.066424370 -0.208149299 0.005682890 0.978080511 113.672264099
0.977666199 0.033630367 0.207455307 61.595458984 -0.032116987 0.999427319 -0.010659700 -3.086074114 -0.207694978 0.003758791 0.978186429 114.481925964
0.978024304 0.028427703 0.206543490 61.772254944 -0.027064320 0.999589205 -0.009423976 -3.104331493 -0.206726611 0.003626920 0.978392065 115.287246704
0.978128672 0.028737316 0.206005350 61.936798096 -0.027712937 0.999584973 -0.007856905 -3.114606380 -0.206145659 0.001976052 0.978519320 116.100280762
0.977906883 0.035226572 0.206051305 62.103664398 -0.033946279 0.999376059 -0.009746529 -3.139549255 -0.206266105 0.002536523 0.978492677 116.910301208
0.977637827 0.040647708 0.206329629 62.272571564 -0.038866751 0.999163866 -0.012679275 -3.162553310 -0.206672549 0.004376376 0.978400469 117.715301514
0.977022290 0.048717935 0.207494438 62.416877747 -0.046661366 0.998801053 -0.014797181 -3.169212341 -0.207966596 0.004775202 0.978124261 118.528747559
0.976166070 0.053973261 0.210206285 62.599327087 -0.052249424 0.998539388 -0.013749931 -3.186789274 -0.210641429 0.002439061 0.977560341 119.350852966
0.975423992 0.056277253 0.213028029 62.772350311 -0.054969560 0.998415172 -0.012061499 -3.200662374 -0.213369176 0.000055018 0.976971567 120.183486938
0.974909842 0.056568295 0.215292454 62.956123352 -0.055119757 0.998398542 -0.012731110 -3.224222183 -0.215667844 0.000544816 0.976466596 120.984947205
0.974434614 0.055422693 0.217728108 63.130981445 -0.053330805 0.998456955 -0.015477044 -3.242520809 -0.218249932 0.003469750 0.975886762 121.841690063
0.974534094 0.050899774 0.218386129 63.340476990 -0.049129397 0.998700678 -0.013532756 -3.279612541 -0.218791187 0.002458951 0.975768566 122.620246887
0.974881470 0.042570498 0.218618393 63.532882690 -0.040173281 0.999073923 -0.015400819 -3.292498589 -0.219071597 0.006231353 0.975688815 123.484344482
0.974575758 0.043758951 0.219743624 63.724933624 -0.041408740 0.999025285 -0.015292086 -3.328149796 -0.220198572 0.005803989 0.975437760 124.307556152
0.974014103 0.046799794 0.221599758 63.911468506 -0.045140509 0.998901784 -0.012549259 -3.349029303 -0.221943736 0.002220027 0.975056946 125.154441833
0.973492205 0.048438657 0.223531827 64.085739136 -0.048111781 0.998818040 -0.006911561 -3.363595009 -0.223602429 -0.004026165 0.974672198 126.007537842
0.972931683 0.053364512 0.224846974 64.263557434 -0.054078262 0.998532295 -0.002987509 -3.388169765 -0.224676371 -0.009252694 0.974389553 126.841415405
0.972854078 0.052051958 0.225489736 64.465240479 -0.051304523 0.998640895 -0.009177377 -3.408709049 -0.225660980 -0.002640395 0.974202394 127.668762207
0.973138452 0.048050601 0.225150481 64.647827148 -0.043748446 0.998752832 -0.024061140 -3.432425976 -0.226025835 0.013564833 0.974026799 128.496643066
